0
1
2
3
4
5
6
7
8
9
10
11
12
13
14
15
16
17
18
19
20
21
22
23
24
25
26
27
28
29
30
31
32
33
34
35
36
37
38
39
40
41
42
43
44
45
46
47
48
49
50
51
52
53
54
55
56
57
58
59
Browne estimate 

[[0.33978118 0.33082994 0.23988322]
 [0.35354293 0.34180378 0.24671108]
 [0.35749602 0.34489461 0.2485927 ]
 [0.35931215 0.34618969 0.24940586]
 [0.36030374 0.34679606 0.24981329]
 [0.36083259 0.34707868 0.24998322]
 [0.36113019 0.34719956 0.25002785]
 [0.36128695 0.34722566 0.25001114]
 [0.36135057 0.34718676 0.24996406]
 [0.36135297 0.34711766 0.2499016 ]
 [0.3613155  0.34702852 0.24983153]
 [0.36124837 0.34692366 0.24975449]
 [0.36115727 0.34680782 0.24966984]
 [0.36104927 0.34668119 0.24957933]
 [0.36092964 0.34654454 0.24948551]
 [0.36079949 0.34639965 0.2493887 ]
 [0.36065864 0.34624872 0.24928783]
 [0.36050815 0.34609204 0.24918398]
 [0.36035037 0.34593081 0.2490798 ]
 [0.36018627 0.3457666  0.24897565]
 [0.36001693 0.34560087 0.24887213]
 [0.35984312 0.34543445 0.24876958]
 [0.35966715 0.34526771 0.24866813]
 [0.35948883 0.34510136 0.24856779]
 [0.35930958 0.34493537 0.24846862]
 [0.35912927 0.3447697  0.2483707 ]
 [0.35894841 0.34460465 0.24827419]
 [0.35876669 0.34444033 0.24817898]
 [0.35858499 0.34427703 0.24808525]
 [0.35840353 0.34411494 0.24799315]
 [0.35822248 0.34395409 0.24790265]
 [0.35804197 0.34379445 0.24781391]
 [0.35786208 0.34363604 0.24772699]
 [0.35768275 0.34347894 0.24764107]
 [0.3575039  0.34332309 0.24755682]
 [0.35732571 0.34316846 0.24747448]
 [0.35714803 0.34301512 0.24739408]
 [0.35697094 0.34286317 0.2473155 ]
 [0.35679461 0.34271264 0.24723873]
 [0.35661883 0.34256353 0.24716383]
 [0.35644373 0.34241581 0.2470908 ]
 [0.35626933 0.34226946 0.24701966]
 [0.35609576 0.34212452 0.2469504 ]
 [0.35592301 0.34198096 0.24688298]
 [0.35575107 0.34183873 0.24681736]
 [0.35557993 0.34169782 0.24675356]
 [0.35540962 0.34155825 0.24669064]
 [0.35524015 0.34142    0.24662931]
 [0.35507156 0.34128311 0.24656962]
 [0.35490379 0.34114757 0.24651171]
 [0.35473685 0.34101336 0.24645558]
 [0.35457065 0.34088047 0.2464012 ]
 [0.35440511 0.34074892 0.24634859]
 [0.35424029 0.34061862 0.24629771]
 [0.35407636 0.34048959 0.24624751]
 [0.35391331 0.34036184 0.24619884]
 [0.35375119 0.34023541 0.24615189]
 [0.35358998 0.34011027 0.24610668]
 [0.35342971 0.33998647 0.24606316]
 [0.35327018 0.33986401 0.24602134]]
