0
1
2
3
4
5
6
7
8
9
10
11
12
13
14
15
16
17
18
19
20
21
22
23
24
25
26
27
28
29
30
31
32
33
34
35
36
37
38
Weighted minimum forest 

[[0.32210187 0.31852465 0.23461361]
 [0.32757058 0.32240134 0.2367779 ]
 [0.33177343 0.3252886  0.23844184]
 [0.33465668 0.327342   0.23961282]
 [0.33915075 0.33055676 0.24129834]
 [0.34166891 0.3323977  0.24221489]
 [0.34278539 0.33319417 0.2425943 ]
 [0.34538574 0.33495583 0.24349193]
 [0.34668722 0.3358415  0.24393412]
 [0.3482004  0.33695471 0.2445825 ]
 [0.3489445  0.33752628 0.2449176 ]
 [0.34992752 0.33821853 0.24530728]
 [0.3507068  0.33874415 0.24561022]
 [0.35154586 0.33942392 0.24603666]
 [0.35205883 0.33987781 0.24640679]
 [0.35243432 0.34023706 0.24682209]
 [0.3528458  0.34065844 0.24736665]
 [0.35309633 0.34096766 0.24768273]
 [0.35346432 0.34128545 0.24795237]
 [0.35384559 0.34158652 0.24816396]
 [0.35411148 0.34181655 0.24835359]
 [0.35493637 0.34265988 0.24913723]
 [0.35546954 0.3431956  0.24964588]
 [0.35591382 0.34386671 0.25032423]
 [0.35664159 0.34503168 0.25169228]
 [0.3570575  0.34566058 0.2524712 ]
 [0.3577461  0.34655734 0.2536815 ]
 [0.35808619 0.34703883 0.2543278 ]
 [0.3587027  0.34784897 0.25542932]
 [0.35950969 0.34892732 0.25671486]
 [0.35986344 0.3494659  0.25745504]
 [0.36057982 0.35055184 0.25874324]
 [0.3610254  0.35135442 0.25978976]
 [0.36152499 0.35216443 0.26088682]
 [0.36294576 0.35420416 0.26371944]
 [0.36419863 0.35681823 0.26738867]
 [0.36705109 0.36142297 0.27292653]
 [0.37417729 0.37297343 0.28896944]
 [0.37530767 0.37490168 0.29202529]]
